[Turbo]
TurboBank=TURBO_SML1_0_MB.abk
Unk1= 6500
Unk2= 24500
Unk3= 16500
UnkFloat1= 40.000000
ChargeTime= 0.500000
