[Turbo]
TurboBank=TURBO_SML1_1_MB.abk
Unk1= 6500
Unk2= 24000
Unk3= 18000
UnkFloat1= 40.000000
ChargeTime= 0.500000
