[Turbo]
TurboBank=TURBO_SML1_2_MB.abk
Unk1= 8500
Unk2= 22500
Unk3= 15000
UnkFloat1= 40.000000
ChargeTime= 0.500000
