[Turbo]
TurboBank=TURBO_SML2_0_MB.abk
Unk1= 6500
Unk2= 22000
Unk3= 15000
UnkFloat1= 40.000000
ChargeTime= 0.500000
