[Turbo]
TurboBank=TURBO_SML2_2_MB.abk
Unk1= 6000
Unk2= 18500
Unk3= 14500
UnkFloat1= 40.000000
ChargeTime= 0.500000
