[Turbo]
TurboBank=TURBO_MED_1_MB.abk
Unk1= 9500
Unk2= 24500
Unk3= 18500
UnkFloat1= 40.000000
ChargeTime= 0.500000
