[Turbo]
TurboBank=TURBO_MED_2_MB.abk
Unk1= 8000
Unk2= 24500
Unk3= 16500
UnkFloat1= 40.000000
ChargeTime= 0.500000
