[Turbo]
TurboBank=TURBO_BIG_0_MB.abk
Unk1= 6000
Unk2= 20000
Unk3= 16000
UnkFloat1= 40.000000
ChargeTime= 0.500000
