[Turbo]
TurboBank=TURBO_BIG_1_MB.abk
Unk1= 6000
Unk2= 18000
Unk3= 16500
UnkFloat1= 40.000000
ChargeTime= 0.500000
