[Turbo]
TurboBank=TURBO_BIG_2_MB.abk
Unk1= 9500
Unk2= 18000
Unk3= 16000
UnkFloat1= 40.000000
ChargeTime= 0.500000
