[Turbo]
TurboBank=TURBO_TRUCK_0_MB.abk
Unk1= 8500
Unk2= 16500
Unk3= 12500
UnkFloat1= 40.000000
ChargeTime= 0.500000
