[Turbo]
TurboBank=TURBO_TRUCK_1_MB.abk
Unk1= 10500
Unk2= 24000
Unk3= 28500
UnkFloat1= 40.000000
ChargeTime= 0.500000
