[Turbo]
TurboBank=TURBO_TRUCK_2_MB.abk
Unk1= 7250
Unk2= 18000
Unk3= 16500
UnkFloat1= 40.000000
ChargeTime= 0.500000
