[EngineData]
MainRAMBankName=CAR_01_ENG_MB_EE.abk
AuxRAMBankName=CAR_01_ENG_MB_SPU.abk
CarID= 1
GinsuAccel=GIN_Ferrari_360.gin
Unk1= 1
GinsuDecelID= 32
AccelFromIdleID= 7
MaxRPM= 8222.000000
MinRPM= 1500.000000
AEMSVol= 16000
GinsuAccelVol= 23000
AccelDeltaRPMThreshold= 150.000000
AEMSMixLRPM= 0.150000
GinsuMixLRPM= 0.900000
AEMSMixSRPM= 0.800000
GinsuMixSRPM= 0.200000
UnkFloat1= 0.500000
UnkFloat2= 0.250000
Unk2= 1000
