[EngineData]
MainRAMBankName=CAR_07_ENG_MB_EE.abk
AuxRAMBankName=CAR_07_ENG_MB_SPU.abk
CarID= 7
GinsuAccel=GIN_Nissan_300ZX_Street.gin
Unk1= 1
GinsuDecelID= 19
AccelFromIdleID= 5
MaxRPM= 7099.000000
MinRPM= 800.000000
AEMSVol= 16500
GinsuAccelVol= 28500
AccelDeltaRPMThreshold= 150.000000
AEMSMixLRPM= 0.150000
GinsuMixLRPM= 0.900000
AEMSMixSRPM= 0.900000
GinsuMixSRPM= 0.150000
UnkFloat1= 0.650000
UnkFloat2= 0.200000
Unk2= 300
