[EngineData]
MainRAMBankName=CAR_08_ENG_MB_EE.abk
AuxRAMBankName=CAR_08_ENG_MB_SPU.abk
CarID= 8
GinsuAccel=GIN_Eclipse_5zigen.gin
Unk1= 1
GinsuDecelID= 4
AccelFromIdleID= 6
MaxRPM= 7145.000000
MinRPM= 1000.000000
AEMSVol= 16500
GinsuAccelVol= 24500
AccelDeltaRPMThreshold= 120.000000
AEMSMixLRPM= 0.150000
GinsuMixLRPM= 0.900000
AEMSMixSRPM= 0.700000
GinsuMixSRPM= 0.350000
UnkFloat1= 0.650000
UnkFloat2= 0.150000
Unk2= 300
