[EngineData]
MainRAMBankName=CAR_10_ENG_MB_EE.abk
AuxRAMBankName=CAR_10_ENG_MB_SPU.abk
CarID= 10
GinsuAccel=GIN_Mazda_RX7.gin
Unk1= 1
GinsuDecelID= 12
AccelFromIdleID= 1
MaxRPM= 7239.000000
MinRPM= 1100.000000
AEMSVol= 26000
GinsuAccelVol= 32000
AccelDeltaRPMThreshold= 150.000000
AEMSMixLRPM= 0.150000
GinsuMixLRPM= 0.900000
AEMSMixSRPM= 0.900000
GinsuMixSRPM= 0.150000
UnkFloat1= 0.500000
UnkFloat2= 0.200000
Unk2= 300
