[EngineData]
MainRAMBankName=CAR_11_ENG_MB_EE.abk
AuxRAMBankName=CAR_11_ENG_MB_SPU.abk
CarID= 11
GinsuAccel=GIN_RX8_Ramp_v1_CD.gin
Unk1= 1
GinsuDecelID= 1
AccelFromIdleID= 2
MaxRPM= 8936.000000
MinRPM= 1250.000000
AEMSVol= 21500
GinsuAccelVol= 31500
AccelDeltaRPMThreshold= 150.000000
AEMSMixLRPM= 0.150000
GinsuMixLRPM= 0.900000
AEMSMixSRPM= 0.850000
GinsuMixSRPM= 0.250000
UnkFloat1= 0.750000
UnkFloat2= 0.250000
Unk2= 300
