[EngineData]
MainRAMBankName=CAR_16_ENG_MB_EE.abk
AuxRAMBankName=CAR_16_ENG_MB_SPU.abk
CarID= 16
GinsuAccel=GIN_WRX_Street.gin
Unk1= 1
GinsuDecelID= 16
AccelFromIdleID= 2
MaxRPM= 6313.000000
MinRPM= 1000.000000
AEMSVol= 18000
GinsuAccelVol= 32500
AccelDeltaRPMThreshold= 150.000000
AEMSMixLRPM= 0.250000
GinsuMixLRPM= 0.800000
AEMSMixSRPM= 0.850000
GinsuMixSRPM= 0.200000
UnkFloat1= 0.750000
UnkFloat2= 0.150000
Unk2= 300
