[EngineData]
MainRAMBankName=CAR_17_ENG_MB_EE.abk
AuxRAMBankName=CAR_17_ENG_MB_SPU.abk
CarID= 17
GinsuAccel=GIN_WRX_2F2F.gin
Unk1= 1
GinsuDecelID= 2
AccelFromIdleID= 3
MaxRPM= 6881.000000
MinRPM= 1000.000000
AEMSVol= 20000
GinsuAccelVol= 32000
AccelDeltaRPMThreshold= 120.000000
AEMSMixLRPM= 0.200000
GinsuMixLRPM= 0.900000
AEMSMixSRPM= 0.850000
GinsuMixSRPM= 0.250000
UnkFloat1= 0.750000
UnkFloat2= 0.150000
Unk2= 300
