[EngineData]
MainRAMBankName=CAR_18_ENG_MB_EE.abk
AuxRAMBankName=CAR_18_ENG_MB_SPU.abk
CarID= 18
GinsuAccel=GIN_Nissan_240SX.gin
Unk1= 1
GinsuDecelID= 5
AccelFromIdleID= 0
MaxRPM= 7037.000000
MinRPM= 1526.000000
AEMSVol= 18000
GinsuAccelVol= 28500
AccelDeltaRPMThreshold= 150.000000
AEMSMixLRPM= 0.150000
GinsuMixLRPM= 0.900000
AEMSMixSRPM= 0.850000
GinsuMixSRPM= 0.150000
UnkFloat1= 0.750000
UnkFloat2= 0.150000
Unk2= 300
