[EngineData]
MainRAMBankName=CAR_20_ENG_MB_EE.abk
AuxRAMBankName=CAR_20_ENG_MB_SPU.abk
CarID= 20
GinsuAccel=GIN_Honda_Prelude.gin
Unk1= 1
GinsuDecelID= 7
AccelFromIdleID= 3
MaxRPM= 7158.000000
MinRPM= 1500.000000
AEMSVol= 16000
GinsuAccelVol= 24000
AccelDeltaRPMThreshold= 120.000000
AEMSMixLRPM= 0.150000
GinsuMixLRPM= 0.900000
AEMSMixSRPM= 0.850000
GinsuMixSRPM= 0.250000
UnkFloat1= 0.750000
UnkFloat2= 0.150000
Unk2= 300
