[EngineData]
MainRAMBankName=CAR_21_ENG_MB_EE.abk
AuxRAMBankName=CAR_21_ENG_MB_SPU.abk
CarID= 21
GinsuAccel=GIN_VW_Scirocco.gin
Unk1= 1
GinsuDecelID= 26
AccelFromIdleID= 1
MaxRPM= 7085.000000
MinRPM= 1500.000000
AEMSVol= 20000
GinsuAccelVol= 28500
AccelDeltaRPMThreshold= 120.000000
AEMSMixLRPM= 0.150000
GinsuMixLRPM= 0.900000
AEMSMixSRPM= 0.850000
GinsuMixSRPM= 0.200000
UnkFloat1= 0.750000
UnkFloat2= 0.150000
Unk2= 300
