[EngineData]
MainRAMBankName=CAR_24_ENG_MB_EE.abk
AuxRAMBankName=CAR_24_ENG_MB_SPU.abk
CarID= 24
GinsuAccel=GIN_VW_Drag_GTi.gin
Unk1= 1
GinsuDecelID= 24
AccelFromIdleID= 3
MaxRPM= 7363.000000
MinRPM= 1750.000000
AEMSVol= 16000
GinsuAccelVol= 24000
AccelDeltaRPMThreshold= 120.000000
AEMSMixLRPM= 0.200000
GinsuMixLRPM= 0.900000
AEMSMixSRPM= 0.900000
GinsuMixSRPM= 0.200000
UnkFloat1= 0.750000
UnkFloat2= 0.150000
Unk2= 300
