[EngineData]
MainRAMBankName=CAR_25_ENG_MB_EE.abk
AuxRAMBankName=CAR_25_ENG_MB_SPU.abk
CarID= 25
GinsuAccel=GIN_G35_350ZX_Comp_v2_AB.gin
UseDualGinsu= 1
GinsuDecelID= 6
AccelFromIdleID= 4
MaxRPM= 6599.000000
MinRPM= 1200.000000
AEMSVol= 24000
GinsuAccelVol= 28000
AccelDeltaRPMThreshold= 150.000000
AEMSMixLRPM= 0.150000
GinsuMixLRPM= 1.000000
AEMSMixSRPM= 0.800000
GinsuMixSRPM= 0.200000
UnkFloat1= 0.750000
UnkFloat2= 0.150000
Unk2= 300
