[EngineData]
MainRAMBankName=CAR_26_ENG_MB_EE.abk
AuxRAMBankName=CAR_26_ENG_MB_SPU.abk
CarID= 26
GinsuAccel=GIN_350Z_01d_shrt2.gin
Unk1= 1
GinsuDecelID= 6
AccelFromIdleID= 5
MaxRPM= 6510.000000
MinRPM= 1200.000000
AEMSVol= 22000
GinsuAccelVol= 30000
AccelDeltaRPMThreshold= 120.000000
AEMSMixLRPM= 0.150000
GinsuMixLRPM= 0.950000
AEMSMixSRPM= 0.850000
GinsuMixSRPM= 0.250000
UnkFloat1= 0.750000
UnkFloat2= 0.250000
Unk2= 800
