[EngineData]
MainRAMBankName=CAR_27_ENG_MB_EE.abk
AuxRAMBankName=CAR_27_ENG_MB_SPU.abk
CarID= 27
GinsuAccel=GIN_350Z_Jason_shrt2.gin
UseDualGinsu= 1
GinsuDecelID= 30
AccelFromIdleID= 7
MaxRPM= 6596.000000
MinRPM= 1250.000000
AEMSVol= 18000
GinsuAccelVol= 28500
AccelDeltaRPMThreshold= 120.000000
AEMSMixLRPM= 0.150000
GinsuMixLRPM= 0.950000
AEMSMixSRPM= 0.800000
GinsuMixSRPM= 0.250000
UnkFloat1= 0.750000
UnkFloat2= 0.250000
Unk2= 1000
