[EngineData]
MainRAMBankName=CAR_30_ENG_MB_EE.abk
AuxRAMBankName=CAR_30_ENG_MB_SPU.abk
CarID= 30
GinsuAccel=GIN_VR6_Jetta_M4.gin
UseDualGinsu= 1
GinsuDecelID= 28
AccelFromIdleID= 5
MaxRPM= 6548.000000
MinRPM= 1250.000000
AEMSVol= 20000
GinsuAccelVol= 28500
AccelDeltaRPMThreshold= 120.000000
AEMSMixLRPM= 0.150000
GinsuMixLRPM= 0.950000
AEMSMixSRPM= 0.900000
GinsuMixSRPM= 0.150000
UnkFloat1= 0.750000
UnkFloat2= 0.150000
Unk2= 300
