[EngineData]
MainRAMBankName=CAR_31_ENG_MB_EE.abk
AuxRAMBankName=CAR_31_ENG_MB_SPU.abk
CarID= 31
GinsuAccel=GIN_FordFocus_Road.gin
Unk1= 1
GinsuDecelID= 35
AccelFromIdleID= 0
MaxRPM= 6566.000000
MinRPM= 1150.000000
AEMSVol= 16000
GinsuAccelVol= 22000
AccelDeltaRPMThreshold= 150.000000
AEMSMixLRPM= 0.150000
GinsuMixLRPM= 0.950000
AEMSMixSRPM= 0.800000
GinsuMixSRPM= 0.200000
UnkFloat1= 0.750000
UnkFloat2= 0.150000
Unk2= 300
