[EngineData]
MainRAMBankName=CAR_33_ENG_MB_EE.abk
AuxRAMBankName=CAR_33_ENG_MB_SPU.abk
CarID= 33
GinsuAccel=GIN_Protege_Ramp_V2_CD.gin
Unk1= 1
GinsuDecelID= 23
AccelFromIdleID= 0
MaxRPM= 6786.000000
MinRPM= 1200.000000
AEMSVol= 18000
GinsuAccelVol= 24000
AccelDeltaRPMThreshold= 150.000000
AEMSMixLRPM= 0.250000
GinsuMixLRPM= 0.700000
AEMSMixSRPM= 0.850000
GinsuMixSRPM= 0.100000
UnkFloat1= 0.750000
UnkFloat2= 0.100000
Unk2= 300
