[EngineData]
MainRAMBankName=CAR_39_ENG_MB_EE.abk
AuxRAMBankName=CAR_39_ENG_MB_SPU.abk
CarID= 39
GinsuAccel=GIN_Porsche_Cayenne.gin
Unk1= 1
GinsuDecelID= 31
AccelFromIdleID= 8
MaxRPM= 7052.000000
MinRPM= 1000.000000
AEMSVol= 16500
GinsuAccelVol= 28000
AccelDeltaRPMThreshold= 150.000000
AEMSMixLRPM= 0.250000
GinsuMixLRPM= 0.900000
AEMSMixSRPM= 0.950000
GinsuMixSRPM= 0.150000
UnkFloat1= 0.750000
UnkFloat2= 0.150000
Unk2= 300
