[ShiftPattern]
BankName=GEAR_SML_Base.abk
Unk1= 10000
UnkFloat1= 0.220000
Unk2= 2000
Unk3= 600
Unk4= 1500
Unk5= 500
Unk6= 500
UnkFloat2= 0.100000
Unk7= 0
Unk8= 0
Unk9= 0
Unk10= 300
Unk11= 375
Unk12= 750
Unk13= 8000
UnkFloat3= 0.100000
Unk14= 1000
Unk15= 250
Unk16= 1000
Unk17= 375
Unk18= 500
Unk19= 400
UnkFloat4= 0.850000
