[ShiftPattern]
BankName=GEAR_SML_Lev1.abk
Unk1= 14000
UnkFloat1= 0.180000
Unk2= 1750
Unk3= 500
Unk4= 1500
Unk5= 400
Unk6= 500
UnkFloat2= 0.200000
Unk7= 1500
Unk8= 0
Unk9= 600
Unk10= 350
Unk11= 300
Unk12= 500
Unk13= 12000
UnkFloat3= 0.100000
Unk14= 1000
Unk15= 250
Unk16= 1200
Unk17= 350
Unk18= 500
Unk19= 370
UnkFloat4= 0.850000
