[ShiftPattern]
BankName=GEAR_SML_Lev2.abk
Unk1= 14000
UnkFloat1= 0.100000
Unk2= 1500
Unk3= 250
Unk4= 1000
Unk5= 300
Unk6= 750
UnkFloat2= 0.200000
Unk7= 2000
Unk8= 350
Unk9= 850
Unk10= 500
Unk11= 200
Unk12= 600
Unk13= 12000
UnkFloat3= 0.080000
Unk14= 1000
Unk15= 200
Unk16= 1500
Unk17= 275
Unk18= 300
Unk19= 300
UnkFloat4= 0.850000
