[ShiftPattern]
BankName=GEAR_SML_Lev3.abk
Unk1= 14000
UnkFloat1= 0.030000
Unk2= 1000
Unk3= 150
Unk4= 1500
Unk5= 125
Unk6= 500
UnkFloat2= 0.200000
Unk7= 2500
Unk8= 250
Unk9= 850
Unk10= 600
Unk11= 150
Unk12= 650
Unk13= 12000
UnkFloat3= 0.050000
Unk14= 800
Unk15= 125
Unk16= 1750
Unk17= 200
Unk18= 250
Unk19= 200
UnkFloat4= 0.850000
