[ShiftPattern]
BankName=GEAR_MED_Base.abk
Unk1= 10000
UnkFloat1= 0.150000
Unk2= 1500
Unk3= 500
Unk4= 1500
Unk5= 500
Unk6= 1000
UnkFloat2= 0.100000
Unk7= 0
Unk8= 0
Unk9= 1000
Unk10= 400
Unk11= 400
Unk12= 800
Unk13= 8000
UnkFloat3= 0.100000
Unk14= 1000
Unk15= 300
Unk16= 1000
Unk17= 500
Unk18= 500
Unk19= 370
UnkFloat4= 0.850000
