[ShiftPattern]
BankName=GEAR_MED_Lev1.abk
Unk1= 14000
UnkFloat1= 0.130000
Unk2= 1200
Unk3= 400
Unk4= 1500
Unk5= 400
Unk6= 500
UnkFloat2= 0.200000
Unk7= 750
Unk8= 350
Unk9= 750
Unk10= 400
Unk11= 300
Unk12= 750
Unk13= 10000
UnkFloat3= 0.100000
Unk14= 1000
Unk15= 250
Unk16= 1300
Unk17= 400
Unk18= 500
Unk19= 370
UnkFloat4= 0.850000
