[ShiftPattern]
BankName=GEAR_MED_Lev2.abk
Unk1= 14000
UnkFloat1= 0.060000
Unk2= 1000
Unk3= 300
Unk4= 1000
Unk5= 300
Unk6= 350
UnkFloat2= 0.200000
Unk7= 1000
Unk8= 100
Unk9= 1000
Unk10= 450
Unk11= 225
Unk12= 750
Unk13= 12500
UnkFloat3= 0.060000
Unk14= 800
Unk15= 200
Unk16= 1500
Unk17= 325
Unk18= 500
Unk19= 370
UnkFloat4= 0.850000
