[ShiftPattern]
BankName=GEAR_MED_Lev3.abk
Unk1= 14000
UnkFloat1= 0.030000
Unk2= 850
Unk3= 175
Unk4= 500
Unk5= 150
Unk6= 500
UnkFloat2= 0.200000
Unk7= 1500
Unk8= 200
Unk9= 750
Unk10= 500
Unk11= 150
Unk12= 750
Unk13= 12000
UnkFloat3= 0.020000
Unk14= 500
Unk15= 150
Unk16= 1500
Unk17= 200
Unk18= 500
Unk19= 300
UnkFloat4= 0.850000
