[ShiftPattern]
BankName=GEAR_LRG_Base.abk
Unk1= 14000
UnkFloat1= 0.250000
Unk2= 1500
Unk3= 600
Unk4= 1250
Unk5= 750
Unk6= 750
UnkFloat2= 0.100000
Unk7= 1500
Unk8= 250
Unk9= 1500
Unk10= 300
Unk11= 350
Unk12= 800
Unk13= 10000
UnkFloat3= 0.160000
Unk14= 1000
Unk15= 300
Unk16= 1000
Unk17= 500
Unk18= 500
Unk19= 400
UnkFloat4= 0.500000
