[ShiftPattern]
BankName=GEAR_LRG_Lev1.abk
Unk1= 14000
UnkFloat1= 0.150000
Unk2= 1200
Unk3= 500
Unk4= 1500
Unk5= 550
Unk6= 500
UnkFloat2= 0.100000
Unk7= 2000
Unk8= 300
Unk9= 1200
Unk10= 400
Unk11= 250
Unk12= 800
Unk13= 12000
UnkFloat3= 0.100000
Unk14= 800
Unk15= 250
Unk16= 1200
Unk17= 400
Unk18= 500
Unk19= 350
UnkFloat4= 0.500000
