[ShiftPattern]
BankName=GEAR_LRG_Lev2.abk
Unk1= 14000
UnkFloat1= 0.070000
Unk2= 1000
Unk3= 300
Unk4= 1000
Unk5= 350
Unk6= 250
UnkFloat2= 0.200000
Unk7= 3000
Unk8= 200
Unk9= 1500
Unk10= 600
Unk11= 225
Unk12= 1000
Unk13= 12000
UnkFloat3= 0.070000
Unk14= 800
Unk15= 225
Unk16= 1500
Unk17= 350
Unk18= 300
Unk19= 124
UnkFloat4= 0.500000
