[ShiftPattern]
BankName=GEAR_LRG_Lev3.abk
Unk1= 14000
UnkFloat1= 0.020000
Unk2= 750
Unk3= 250
Unk4= 1000
Unk5= 250
Unk6= 200
UnkFloat2= 0.200000
Unk7= 4000
Unk8= 300
Unk9= 1500
Unk10= 500
Unk11= 150
Unk12= 850
Unk13= 12000
UnkFloat3= 0.020000
Unk14= 600
Unk15= 150
Unk16= 1500
Unk17= 275
Unk18= 350
Unk19= 124
UnkFloat4= 0.500000
