[ShiftPattern]
BankName=GEAR_TK_Base.abk
Unk1= 14000
UnkFloat1= 0.250000
Unk2= 1500
Unk3= 700
Unk4= 1250
Unk5= 750
Unk6= 750
UnkFloat2= 0.100000
Unk7= 2000
Unk8= 400
Unk9= 1500
Unk10= 400
Unk11= 400
Unk12= 1200
Unk13= 12000
UnkFloat3= 0.200000
Unk14= 1000
Unk15= 400
Unk16= 1000
Unk17= 600
Unk18= 500
Unk19= 250
UnkFloat4= 0.500000
