[ShiftPattern]
BankName=GEAR_TK_Lev1.abk
Unk1= 14000
UnkFloat1= 0.200000
Unk2= 1500
Unk3= 600
Unk4= 1200
Unk5= 500
Unk6= 500
UnkFloat2= 0.100000
Unk7= 3500
Unk8= 350
Unk9= 1200
Unk10= 400
Unk11= 350
Unk12= 1200
Unk13= 12000
UnkFloat3= 0.150000
Unk14= 1000
Unk15= 350
Unk16= 1200
Unk17= 500
Unk18= 500
Unk19= 250
UnkFloat4= 0.500000
