[ShiftPattern]
BankName=GEAR_TK_Lev2.abk
Unk1= 14000
UnkFloat1= 0.150000
Unk2= 1200
Unk3= 400
Unk4= 1000
Unk5= 350
Unk6= 250
UnkFloat2= 0.200000
Unk7= 4000
Unk8= 275
Unk9= 1500
Unk10= 500
Unk11= 250
Unk12= 1000
Unk13= 12000
UnkFloat3= 0.150000
Unk14= 600
Unk15= 250
Unk16= 1500
Unk17= 400
Unk18= 500
Unk19= 124
UnkFloat4= 0.500000
