[ShiftPattern]
BankName=GEAR_TK_Lev3.abk
Unk1= 14500
UnkFloat1= 0.100000
Unk2= 1000
Unk3= 300
Unk4= 1000
Unk5= 200
Unk6= 200
UnkFloat2= 0.200000
Unk7= 6000
Unk8= 250
Unk9= 1500
Unk10= 500
Unk11= 200
Unk12= 1250
Unk13= 12000
UnkFloat3= 0.100000
Unk14= 750
Unk15= 250
Unk16= 1500
Unk17= 350
Unk18= 500
Unk19= 124
UnkFloat4= 0.500000
