[ShiftPattern]
BankName=GEAR_SML_Base.abk
Unk1= 14000
UnkFloat1= 0.050000
Unk2= 600
Unk3= 450
Unk4= 1500
Unk5= 320
Unk6= 500
UnkFloat2= 0.200000
Unk7= 6000
Unk8= 250
Unk9= 700
Unk10= 400
Unk11= 250
Unk12= 550
Unk13= 12000
UnkFloat3= 0.050000
Unk14= 800
Unk15= 250
Unk16= 1200
Unk17= 600
Unk18= 500
Unk19= 370
UnkFloat4= 0.850000
