[DualGinsu]
GinsuDecelFileName=GIN_Mazda_RX8_DCL.gin
AEMSDecelVol= 20000
GinsuDecelVol= 24000
MinRPM= 5320
MaxRPM= 8756
FadeIn= 0.030000
FadeOut= 0.250000
DecelDeltaRPMThreshold= 80.000000
Unk0= 0
DecelAEMSMixLRPM= 0.250000
DecelGinsuMixLRPM= 0.850000
DecelAEMSMixSRPM= 0.700000
DecelGinsuMixSRPM= 0.250000
