[DualGinsu]
GinsuDecelFileName=GIN_WRX2F2F_DCL.gin
AEMSDecelVol= 20000
GinsuDecelVol= 22000
MinRPM= 4818
MaxRPM= 6878
FadeIn= 0.020000
FadeOut= 0.250000
DecelDeltaRPMThreshold= 150.000000
Unk0= 0
DecelAEMSMixLRPM= 0.300000
DecelGinsuMixLRPM= 0.700000
DecelAEMSMixSRPM= 0.900000
DecelGinsuMixSRPM= 0.200000
