[DualGinsu]
GinsuDecelFileName=GIN_S2000_Church_DCL.gin
AEMSDecelVol= 10000
GinsuDecelVol= 14500
MinRPM= 3692
MaxRPM= 9182
FadeIn= 0.020000
FadeOut= 0.350000
DecelDeltaRPMThreshold= 150.000000
Unk0= 0
DecelAEMSMixLRPM= 0.150000
DecelGinsuMixLRPM= 0.800000
DecelAEMSMixSRPM= 0.900000
DecelGinsuMixSRPM= 0.100000
