[DualGinsu]
GinsuDecelFileName=GIN_240SX_Decel.gin
AEMSDecelVol= 14000
GinsuDecelVol= 16500
MinRPM= 1120
MaxRPM= 7012
FadeIn= 0.020000
FadeOut= 0.250000
DecelDeltaRPMThreshold= 150.000000
Unk0= 0
DecelAEMSMixLRPM= 0.200000
DecelGinsuMixLRPM= 0.850000
DecelAEMSMixSRPM= 0.750000
DecelGinsuMixSRPM= 0.200000
