[DualGinsu]
GinsuDecelFileName=GIN_Infinit_G35_DCL.gin
AEMSDecelVol= 14000
GinsuDecelVol= 20000
MinRPM= 1535
MaxRPM= 6209
FadeIn= 0.200000
FadeOut= 0.250000
DecelDeltaRPMThreshold= 120.000000
Unk0= 0
DecelAEMSMixLRPM= 0.200000
DecelGinsuMixLRPM= 0.800000
DecelAEMSMixSRPM= 0.850000
DecelGinsuMixSRPM= 0.100000
