[DualGinsu]
GinsuDecelFileName=GIN_Ford_Focus2_DCL.gin
AEMSDecelVol= 11000
GinsuDecelVol= 18500
MinRPM= 2456
MaxRPM= 6818
FadeIn= 0.020000
FadeOut= 0.350000
DecelDeltaRPMThreshold= 150.000000
Unk0= 0
DecelAEMSMixLRPM= 0.350000
DecelGinsuMixLRPM= 0.600000
DecelAEMSMixSRPM= 0.750000
DecelGinsuMixSRPM= 0.150000
