[DualGinsu]
GinsuDecelFileName=GIN_Bronco_DCL.gin
AEMSDecelVol= 14000
GinsuDecelVol= 18000
MinRPM= 4629
MaxRPM= 5747
FadeIn= 0.020000
FadeOut= 0.350000
DecelDeltaRPMThreshold= 100.000000
Unk0= 0
DecelAEMSMixLRPM= 0.350000
DecelGinsuMixLRPM= 0.650000
DecelAEMSMixSRPM= 0.750000
DecelGinsuMixSRPM= 0.200000
