[DualGinsu]
GinsuDecelFileName=GIN_Nascar_DCL.gin
AEMSDecelVol= 12500
GinsuDecelVol= 20000
MinRPM= 3798
MaxRPM= 7118
FadeIn= 0.050000
FadeOut= 0.250000
DecelDeltaRPMThreshold= 125.000000
Unk0= 0
DecelAEMSMixLRPM= 0.150000
DecelGinsuMixLRPM= 0.850000
DecelAEMSMixSRPM= 0.750000
DecelGinsuMixSRPM= 0.200000
