[DualGinsu]
GinsuDecelFileName=GIN_VW_Cab_DCL.gin
AEMSDecelVol= 14000
GinsuDecelVol= 18000
MinRPM= 4567
MaxRPM= 5630
FadeIn= 0.100000
FadeOut= 0.250000
DecelDeltaRPMThreshold= 150.000000
Unk0= 0
DecelAEMSMixLRPM= 0.200000
DecelGinsuMixLRPM= 0.850000
DecelAEMSMixSRPM= 0.800000
DecelGinsuMixSRPM= 0.100000
