[DualGinsu]
GinsuDecelFileName=GIN_WRX_Street_DCL.gin
AEMSDecelVol= 16000
GinsuDecelVol= 20000
MinRPM= 3916
MaxRPM= 6339
FadeIn= 0.020000
FadeOut= 0.400000
DecelDeltaRPMThreshold= 150.000000
Unk0= 0
DecelAEMSMixLRPM= 0.300000
DecelGinsuMixLRPM= 0.800000
DecelAEMSMixSRPM= 0.800000
DecelGinsuMixSRPM= 0.150000
