[DualGinsu]
GinsuDecelFileName=GIN_Trueno_DCL.gin
AEMSDecelVol= 10000
GinsuDecelVol= 18500
MinRPM= 2019
MaxRPM= 7532
FadeIn= 0.200000
FadeOut= 0.200000
DecelDeltaRPMThreshold= 150.000000
Unk0= 0
DecelAEMSMixLRPM= 0.200000
DecelGinsuMixLRPM= 0.850000
DecelAEMSMixSRPM= 0.700000
DecelGinsuMixSRPM= 0.200000
