[DualGinsu]
GinsuDecelFileName=GIN_Eclipse_2000_DCL.gin
AEMSDecelVol= 11000
GinsuDecelVol= 15000
MinRPM= 2502
MaxRPM= 6829
FadeIn= 0.020000
FadeOut= 0.350000
DecelDeltaRPMThreshold= 85.000000
Unk0= 0
DecelAEMSMixLRPM= 0.250000
DecelGinsuMixLRPM= 0.700000
DecelAEMSMixSRPM= 0.800000
DecelGinsuMixSRPM= 0.250000
