[DualGinsu]
GinsuDecelFileName=GIN_Protege_Lev2_DCL.gin
AEMSDecelVol= 12000
GinsuDecelVol= 16500
MinRPM= 1498
MaxRPM= 6561
FadeIn= 0.050000
FadeOut= 0.250000
DecelDeltaRPMThreshold= 150.000000
Unk0= 0
DecelAEMSMixLRPM= 0.300000
DecelGinsuMixLRPM= 0.650000
DecelAEMSMixSRPM= 0.850000
DecelGinsuMixSRPM= 0.150000
