[DualGinsu]
GinsuDecelFileName=GIN_VW_Drag_GTi_DCL.gin
AEMSDecelVol= 10000
GinsuDecelVol= 13500
MinRPM= 2385
MaxRPM= 7173
FadeIn= 0.020000
FadeOut= 0.400000
DecelDeltaRPMThreshold= 125.000000
Unk0= 0
DecelAEMSMixLRPM= 0.150000
DecelGinsuMixLRPM= 0.700000
DecelAEMSMixSRPM= 0.700000
DecelGinsuMixSRPM= 0.150000
