[DualGinsu]
GinsuDecelFileName=GIN_Honda_S2000_2f2f_DCL.gin
AEMSDecelVol= 12000
GinsuDecelVol= 14500
MinRPM= 4350
MaxRPM= 8457
FadeIn= 0.010000
FadeOut= 0.400000
DecelDeltaRPMThreshold= 95.000000
Unk0= 0
DecelAEMSMixLRPM= 0.200000
DecelGinsuMixLRPM= 0.850000
DecelAEMSMixSRPM= 0.900000
DecelGinsuMixSRPM= 0.200000
