[DualGinsu]
GinsuDecelFileName=GIN_VW_Scirocco_DCL.gin
AEMSDecelVol= 15000
GinsuDecelVol= 16500
MinRPM= 1831
MaxRPM= 7115
FadeIn= 0.020000
FadeOut= 0.250000
DecelDeltaRPMThreshold= 175.000000
Unk0= 0
DecelAEMSMixLRPM= 0.350000
DecelGinsuMixLRPM= 0.600000
DecelAEMSMixSRPM= 0.900000
DecelGinsuMixSRPM= 0.100000
