[DualGinsu]
GinsuDecelFileName=GIN_VW_Jetta_M3_DCL.gin
AEMSDecelVol= 16000
GinsuDecelVol= 20000
MinRPM= 1237
MaxRPM= 6314
FadeIn= 0.200000
FadeOut= 0.250000
DecelDeltaRPMThreshold= 125.000000
Unk0= 0
DecelAEMSMixLRPM= 0.250000
DecelGinsuMixLRPM= 0.850000
DecelAEMSMixSRPM= 0.850000
DecelGinsuMixSRPM= 0.200000
