[DualGinsu]
GinsuDecelFileName=GIN_VW_Jetta_M4_DCL.gin
AEMSDecelVol= 12500
GinsuDecelVol= 18500
MinRPM= 1472
MaxRPM= 6480
FadeIn= 0.050000
FadeOut= 0.200000
DecelDeltaRPMThreshold= 150.000000
Unk0= 0
DecelAEMSMixLRPM= 0.200000
DecelGinsuMixLRPM= 0.750000
DecelAEMSMixSRPM= 0.950000
DecelGinsuMixSRPM= 0.100000
