[DualGinsu]
GinsuDecelFileName=GIN_Nissan_350ZX_Jason_DCL.gin
AEMSDecelVol= 12500
GinsuDecelVol= 22000
MinRPM= 1560
MaxRPM= 6415
FadeIn= 0.020000
FadeOut= 0.250000
DecelDeltaRPMThreshold= 95.000000
Unk0= 0
DecelAEMSMixLRPM= 0.350000
DecelGinsuMixLRPM= 0.700000
DecelAEMSMixSRPM= 0.750000
DecelGinsuMixSRPM= 0.250000
