[DualGinsu]
GinsuDecelFileName=GIN_Ferrari_360_DCL.gin
AEMSDecelVol= 10000
GinsuDecelVol= 14000
MinRPM= 2072
MaxRPM= 8273
FadeIn= 0.020000
FadeOut= 0.300000
DecelDeltaRPMThreshold= 150.000000
Unk0= 0
DecelAEMSMixLRPM= 0.350000
DecelGinsuMixLRPM= 0.500000
DecelAEMSMixSRPM= 0.800000
DecelGinsuMixSRPM= 0.100000
