[DualGinsu]
GinsuDecelFileName=GIN_Honda_S2000_5zigen_DCL.gin
AEMSDecelVol= 10000
GinsuDecelVol= 18000
MinRPM= 1365
MaxRPM= 8033
FadeIn= 0.150000
FadeOut= 0.300000
DecelDeltaRPMThreshold= 150.000000
Unk0= 0
DecelAEMSMixLRPM= 0.200000
DecelGinsuMixLRPM= 0.750000
DecelAEMSMixSRPM= 0.850000
DecelGinsuMixSRPM= 0.100000
