[DualGinsu]
GinsuDecelFileName=GIN_Ford_Focus2_DCL.gin
AEMSDecelVol= 12000
GinsuDecelVol= 22000
MinRPM= 2456
MaxRPM= 6818
FadeIn= 0.020000
FadeOut= 0.300000
DecelDeltaRPMThreshold= 150.000000
Unk0= 0
DecelAEMSMixLRPM= 0.300000
DecelGinsuMixLRPM= 0.700000
DecelAEMSMixSRPM= 0.650000
DecelGinsuMixSRPM= 0.200000
