[DualGinsu]
GinsuDecelFileName=GIN_HONDA_S2000_Apex_DCL.gin
AEMSDecelVol= 8000
GinsuDecelVol= 18500
MinRPM= 2246
MaxRPM= 7847
FadeIn= 0.150000
FadeOut= 0.300000
DecelDeltaRPMThreshold= 150.000000
Unk0= 0
DecelAEMSMixLRPM= 0.200000
DecelGinsuMixLRPM= 0.800000
DecelAEMSMixSRPM= 0.650000
DecelGinsuMixSRPM= 0.300000
